image_width: 1280
image_height: 720
camera_name: narrow_stereo
camera_matrix:
  rows: 3
  cols: 3
  data: [1012.42705,    0.     ,  603.32373,
            0.     , 1013.13832,  366.27619,
            0.     ,    0.     ,    1.     ]
distortion_model: plumb_bob
distortion_coefficients:
  rows: 1
  cols: 5
  data: [0.096765, -0.171618, -0.001050, -0.005911, 0.000000]
rectification_matrix:
  rows: 3
  cols: 3
  data: [1., 0., 0.,
         0., 1., 0.,
         0., 0., 1.]
projection_matrix:
  rows: 3
  cols: 4
  data: [1021.03442,    0.     ,  594.47885,    0.     ,
            0.     , 1030.59106,  365.19667,    0.     ,
            0.     ,    0.     ,    1.     ,    0.     ]
